Ambient Temperature(C): 23.8
Ambient Pressure(in Hg): 
Time(s)	T1(Deg C)	T2(Deg C)	P1(PSI)	P2(PSI)	Mass Flowrate(g/min)

0.00	23.10	23.10	1.60	3.50	0.00
0.10	23.10	23.10	1.20	3.50	0.00
0.20	23.20	23.10	2.10	3.50	0.00
0.30	23.00	23.00	1.80	3.60	0.00
0.40	23.00	23.00	2.10	3.20	0.00
0.50	23.20	23.20	2.10	2.50	0.00
0.60	23.20	23.20	2.10	2.50	0.00
0.70	23.00	23.00	1.90	3.30	0.00
0.80	23.20	23.10	1.80	3.60	0.00
0.90	23.20	23.10	2.10	3.30	0.00
1.00	23.20	23.10	1.30	3.50	0.00
1.10	23.20	23.10	1.80	3.00	0.00
1.20	23.20	23.10	1.80	3.60	0.00
1.30	23.20	23.10	1.80	3.80	0.00
1.40	23.20	23.30	1.80	3.50	0.00
1.50	23.20	23.30	1.80	3.50	0.00
1.60	23.20	23.20	1.80	3.60	0.00
1.70	23.20	23.20	1.90	3.20	0.00
1.80	23.10	23.10	2.10	3.20	0.00
1.90	23.30	23.20	1.60	3.30	0.00
2.00	23.30	23.20	1.90	3.20	0.00
2.10	23.40	23.30	1.60	3.30	0.00
2.20	23.40	23.30	1.50	3.20	0.00
2.30	23.30	23.30	1.60	3.30	0.00
2.40	23.50	23.40	1.60	3.30	0.00
2.50	23.50	23.40	1.80	3.50	0.00
2.60	23.30	23.20	2.10	3.60	0.00
2.70	23.40	23.30	1.90	3.50	0.00
2.80	23.40	23.30	1.90	3.30	0.00
2.90	23.40	23.20	2.10	3.60	0.00
3.00	23.40	23.20	1.80	3.30	0.00
3.10	23.10	23.10	2.40	3.50	0.00
3.20	23.10	23.10	2.10	3.80	0.00
3.30	23.30	23.00	2.10	3.80	0.00
3.40	23.30	23.20	1.80	3.50	0.00
3.50	23.30	23.20	1.90	3.30	0.00
3.60	23.30	23.30	2.10	3.50	0.00
3.70	23.30	23.20	1.90	3.20	0.00
3.80	23.30	23.20	2.30	3.50	0.00
3.90	23.10	23.10	2.10	3.50	0.00
4.00	23.40	23.10	2.10	3.30	0.00
4.10	23.40	23.10	1.90	3.20	0.00
4.20	23.20	23.20	1.90	3.20	0.00
4.30	23.40	23.20	1.80	3.50	0.00
4.40	23.40	23.20	1.90	3.50	0.00
4.50	23.40	23.20	1.90	3.50	0.00
4.60	23.30	23.10	2.10	3.30	0.00
4.70	23.30	23.10	2.30	3.50	0.00
4.80	23.40	23.30	1.80	3.50	0.00
4.90	23.40	23.30	2.10	3.90	0.00
5.00	23.40	23.30	1.80	3.30	0.00
5.10	23.40	23.10	1.80	3.30	0.00
5.20	23.20	23.30	1.60	3.30	0.00
5.30	23.20	23.30	1.50	3.50	0.00
5.40	23.30	23.00	1.90	3.50	0.00
5.50	23.40	23.30	1.80	3.50	0.00
5.60	23.40	23.30	1.80	3.30	0.00
5.70	23.30	23.20	1.80	3.60	0.00
5.80	23.30	23.00	2.10	3.50	0.00
5.90	23.30	23.00	2.10	3.30	0.00
6.00	23.40	23.10	2.10	3.30	0.00
6.10	23.30	23.20	2.40	3.20	0.00
6.20	23.30	23.20	2.10	3.50	0.00
6.30	23.30	23.30	1.80	3.30	0.00
6.40	23.40	23.30	1.60	3.50	0.00
6.50	23.40	23.30	1.80	3.50	0.00
6.60	23.40	23.20	1.80	3.30	0.00
6.70	23.30	23.20	1.80	3.20	0.00
6.80	23.30	23.20	1.50	3.20	0.00
6.90	23.40	23.40	1.50	3.20	0.00
7.00	23.40	23.30	2.30	3.00	0.00
7.10	23.40	23.30	1.30	3.20	0.00
7.20	23.30	23.30	2.10	3.50	0.00
7.30	23.40	23.30	1.80	3.50	0.00
7.40	23.40	23.30	1.80	3.60	0.00
7.50	23.50	23.20	1.90	3.30	0.00
7.60	23.50	23.30	1.60	3.20	0.00
7.70	23.50	23.30	1.90	3.30	0.00
7.80	23.40	23.10	1.90	3.30	0.00
7.90	23.40	23.20	1.80	3.50	0.00
8.00	23.50	23.30	1.90	3.50	0.00
8.10	23.50	23.30	1.80	3.50	0.00
8.20	23.40	23.30	1.90	3.50	0.00
8.30	23.30	23.20	2.10	3.50	0.00
8.40	23.30	23.20	3.90	4.50	0.00
8.50	23.10	23.40	4.40	3.90	0.00
8.60	23.10	23.40	3.80	4.10	0.00
8.70	23.70	23.40	3.80	4.10	0.00
8.80	24.00	23.50	3.60	4.20	0.00
8.90	24.00	23.50	3.90	4.20	0.00
9.00	24.20	23.50	4.10	4.10	0.00
9.10	24.50	23.60	3.90	4.50	0.00
9.20	24.50	23.60	3.60	4.20	0.00
9.30	24.50	23.50	4.10	4.20	0.00
9.40	24.60	23.40	3.90	3.90	0.00
9.50	24.60	23.40	4.10	3.80	0.00
9.60	24.50	23.50	4.10	3.80	0.00
9.70	24.30	23.40	3.80	3.60	0.00
9.80	24.50	23.50	4.10	4.40	0.00
9.90	24.50	23.50	4.10	4.20	0.00
10.00	24.20	23.40	4.10	4.20	0.00
10.10	24.30	23.50	3.90	4.10	0.00
10.20	24.30	23.50	4.40	3.90	0.00
10.30	24.40	23.50	4.10	4.10	0.00
10.40	24.20	23.60	4.10	4.10	0.00
10.50	24.20	23.60	3.60	4.10	0.00
10.60	24.30	23.50	3.60	4.40	0.00
10.70	24.30	23.50	3.50	4.50	0.00
10.80	24.40	23.50	3.60	4.20	0.00
10.90	24.20	23.60	3.90	4.20	0.00
11.00	24.10	23.50	3.50	4.10	0.00
11.10	24.10	23.50	3.90	3.50	0.00
11.20	24.20	23.50	4.10	4.40	0.00
11.30	24.20	23.50	3.60	4.10	0.00
11.40	24.10	23.50	4.10	4.20	0.00
11.50	24.10	23.40	3.60	3.60	0.00
11.60	24.10	23.40	3.90	4.10	0.00
11.70	24.20	23.50	3.30	4.40	0.00
11.80	24.00	23.50	3.50	4.50	0.00
11.90	23.90	23.50	3.90	4.20	0.00
12.00	23.90	23.50	3.90	4.10	0.00
12.10	23.90	23.40	3.60	4.10	0.00
12.20	23.90	23.40	3.90	3.80	0.00
12.30	24.00	23.50	4.10	4.10	0.00
12.40	24.10	23.40	3.90	4.20	0.00
12.50	23.80	23.30	3.50	4.10	0.00
12.60	23.80	23.30	3.80	3.90	0.00
12.70	23.90	23.60	3.90	3.90	0.00
12.80	24.00	23.50	4.30	4.20	0.00
12.90	24.00	23.50	4.10	4.10	0.00
13.00	24.20	23.70	3.80	4.10	0.00
13.10	24.20	23.70	3.80	4.10	0.00
13.20	23.90	23.60	3.90	3.60	0.00
13.30	24.00	23.50	3.80	4.10	0.00
13.40	23.90	23.40	3.60	3.90	0.00
13.50	23.90	23.40	3.20	3.90	0.00
13.60	23.80	23.40	3.60	4.50	0.00
13.70	23.60	23.40	4.10	3.80	0.00
13.80	23.60	23.40	3.90	3.90	21.47
13.90	23.90	23.50	4.10	3.90	54.54
14.00	24.20	23.50	4.10	3.90	25.42
14.10	24.20	23.50	4.30	4.20	28.74
14.20	24.30	23.40	4.70	4.20	51.79
14.30	24.50	23.60	4.90	4.10	19.50
14.40	24.50	23.60	5.00	4.10	17.37
14.50	24.60	23.50	5.00	4.10	61.28
14.60	24.80	23.60	5.20	4.20	34.94
14.70	24.80	23.60	5.20	3.60	40.29
14.80	24.80	23.50	5.00	3.90	34.96
14.90	25.00	23.50	5.30	3.90	17.33
15.00	25.00	23.50	5.60	4.20	42.79
15.10	25.20	23.50	5.20	4.10	21.61
15.20	25.20	23.40	5.90	4.10	55.79
15.30	25.20	23.40	6.10	4.40	28.29
15.40	25.20	23.60	5.60	4.10	49.03
15.50	25.40	23.40	6.30	3.90	59.02
15.60	25.40	23.40	6.10	3.80	30.91
15.70	25.50	23.50	6.10	4.20	61.18
15.80	25.60	23.50	6.10	4.20	38.70
15.90	25.60	23.50	6.60	3.90	32.51
16.00	25.50	23.40	6.70	3.90	42.90
16.10	25.60	23.60	6.70	4.70	51.07
16.20	25.80	23.40	7.00	3.90	32.44
16.30	25.80	23.40	7.00	4.10	33.70
16.40	25.90	23.50	7.20	3.90	41.12
16.50	25.90	23.50	7.00	3.80	24.30
16.60	26.00	23.60	7.30	4.10	53.58
16.70	25.80	23.40	7.30	4.10	24.69
16.80	25.80	23.40	7.50	4.50	58.54
16.90	26.00	23.50	8.30	4.10	27.54
17.00	26.00	23.50	7.30	4.10	52.65
17.10	26.10	23.60	7.90	4.20	24.91
17.20	26.20	23.50	7.80	3.90	50.07
17.30	26.20	23.50	7.80	4.20	27.90
17.40	26.20	23.50	8.30	4.10	41.31
17.50	26.10	23.40	8.40	3.90	22.50
17.60	26.10	23.40	8.40	3.90	47.10
17.70	26.30	23.50	9.00	4.20	31.53
17.80	26.30	23.50	8.70	4.20	41.39
17.90	26.50	23.50	8.30	4.10	42.07
18.00	26.30	23.40	8.60	4.10	34.95
18.10	26.30	23.40	9.30	3.80	49.22
18.20	26.60	23.50	9.50	4.20	27.94
18.30	26.60	23.50	9.30	3.90	46.27
18.40	26.60	23.40	9.30	3.90	26.25
18.50	26.40	23.50	9.30	3.90	47.94
18.60	26.40	23.50	9.90	4.10	55.33
18.70	26.70	23.50	9.30	3.90	26.62
18.80	26.70	23.50	9.60	4.10	52.64
18.90	26.70	23.50	9.90	3.90	23.08
19.00	26.90	23.50	9.80	4.10	47.22
19.10	26.90	23.50	9.90	4.40	56.04
19.20	26.90	23.50	9.90	3.90	25.25
19.30	26.80	23.50	10.30	4.20	54.01
19.40	26.80	23.50	10.30	4.20	64.27
19.50	26.90	23.50	10.40	4.10	24.54
19.60	26.70	23.50	10.70	4.20	45.77
19.70	26.90	23.50	10.90	4.10	50.81
19.80	26.90	23.50	10.70	4.70	24.28
19.90	27.10	23.50	11.20	4.10	44.86
20.00	27.10	23.50	11.30	4.10	53.01
20.10	27.10	23.50	11.50	4.20	26.79
20.20	27.20	23.50	11.00	3.90	48.46
20.30	27.10	23.40	11.60	4.10	34.51
20.40	27.10	23.40	11.90	4.10	39.88
20.50	27.10	23.50	11.80	3.80	46.80
20.60	27.20	23.50	11.80	4.10	49.04
20.70	27.20	23.50	11.90	4.70	49.96
20.80	27.30	23.50	11.60	3.90	50.30
20.90	27.30	23.60	12.30	4.20	50.18
21.00	27.30	23.60	12.70	4.10	50.17
21.10	27.10	23.30	12.40	4.10	50.12
21.20	27.40	23.50	12.40	4.50	50.08
21.30	27.40	23.50	12.70	4.20	50.06
21.40	27.40	23.50	12.70	4.10	50.04
21.50	27.50	23.60	13.20	4.40	49.98
21.60	27.50	23.60	13.00	3.90	49.94
21.70	27.60	23.50	13.30	3.90	49.89
21.80	27.50	23.50	13.50	4.40	49.92
21.90	27.50	23.50	13.20	4.20	49.91
22.00	27.60	23.40	14.30	4.20	49.91
22.10	27.80	23.50	14.10	4.70	49.88
22.20	27.60	23.40	14.30	3.80	49.85
22.30	27.60	23.40	14.30	4.20	49.82
22.40	27.60	23.50	14.70	3.90	49.81
22.50	27.60	23.50	14.60	3.90	50.26
22.60	27.80	23.60	14.40	4.40	50.39
22.70	27.90	23.50	14.40	4.70	50.37
22.80	27.90	23.50	14.90	4.10	50.33
22.90	27.90	23.60	14.90	4.10	50.32
23.00	28.00	23.50	14.70	3.80	50.26
23.10	28.00	23.50	14.30	4.10	50.25
23.20	27.80	23.40	15.50	3.90	50.18
23.30	27.80	23.40	15.30	4.40	50.14
23.40	28.00	23.60	15.60	3.90	50.17
23.50	28.00	23.40	15.80	4.10	50.11
23.60	28.00	23.40	15.50	3.90	50.10
23.70	28.00	23.50	15.80	4.10	50.07
23.80	28.20	23.40	16.10	4.10	50.00
23.90	28.20	23.40	16.30	4.40	49.99
24.00	28.10	23.50	16.60	3.90	50.00
24.10	28.10	23.60	16.60	3.80	49.98
24.20	28.10	23.60	16.70	4.20	49.95
24.30	28.10	23.50	17.00	3.90	49.94
24.40	28.20	23.60	16.70	3.90	49.92
24.50	28.20	23.60	16.90	4.10	49.91
24.60	28.10	23.50	17.20	4.10	49.87
24.70	28.10	23.50	17.20	4.10	49.86
24.80	28.30	23.50	17.60	3.90	49.79
24.90	28.10	23.60	17.50	3.90	49.81
25.00	28.30	23.60	17.50	4.40	49.76
25.10	28.30	23.60	17.60	4.10	49.75
25.20	28.20	23.50	18.10	3.60	49.74
25.30	28.30	23.60	18.40	4.10	49.69
25.40	28.30	23.60	18.90	3.90	49.67
25.50	28.30	23.60	18.30	4.20	49.65
25.60	28.50	23.60	18.30	4.20	49.61
25.70	28.50	23.60	18.40	4.10	49.65
25.80	28.40	23.60	18.70	4.10	49.60
25.90	28.50	23.60	19.30	4.10	49.56
26.00	28.50	23.60	19.30	3.80	49.54
26.10	28.20	23.50	19.00	4.10	49.80
26.20	28.50	23.50	19.20	4.10	50.41
26.30	28.50	23.50	19.60	4.40	50.71
26.40	28.50	23.50	19.60	3.60	50.83
26.50	28.50	23.50	19.60	3.60	50.79
26.60	28.50	23.50	19.90	4.20	50.77
26.70	28.30	23.70	20.30	3.50	50.72
26.80	28.60	23.60	20.10	3.90	50.70
26.90	28.60	23.60	20.10	3.80	50.70
27.00	28.60	23.50	20.10	4.20	50.64
27.10	28.50	23.50	20.70	3.90	50.64
27.20	28.50	23.50	20.70	4.20	50.63
27.30	28.60	23.50	21.20	4.20	50.58
27.40	28.60	23.60	21.20	4.20	50.54
27.50	28.60	23.60	19.80	4.40	50.46
27.60	28.70	23.60	21.00	3.80	50.47
27.70	28.50	23.50	21.50	4.20	50.46
27.80	28.50	23.50	21.60	4.50	50.44
27.90	28.70	23.60	21.80	3.90	50.39
28.00	28.70	23.50	21.60	3.90	50.39
28.10	28.70	23.50	21.90	4.20	50.37
28.20	28.70	23.40	22.40	4.70	50.34
28.30	28.80	23.50	22.40	4.70	50.30
28.40	28.70	23.50	22.30	4.20	50.26
28.50	28.70	23.50	22.60	3.90	50.25
28.60	28.80	23.50	22.30	4.40	50.19
28.70	28.80	23.50	22.90	4.40	50.14
28.80	28.80	23.50	22.60	4.10	49.95
28.90	28.70	23.60	23.20	3.80	49.81
29.00	28.70	23.60	23.20	3.90	49.65
29.10	28.80	23.60	23.50	4.10	49.63
29.20	29.10	23.60	23.50	4.10	49.61
29.30	29.10	23.60	23.50	3.00	49.55
29.40	28.90	23.50	23.80	3.60	49.50
29.50	28.90	23.60	23.90	4.20	49.49
29.60	28.90	23.60	23.50	4.40	49.44
29.70	28.70	23.50	24.30	4.10	49.42
29.80	28.70	23.50	24.60	3.90	49.41
29.90	28.90	23.50	24.10	4.20	49.35
30.00	28.90	23.60	24.40	4.20	49.34
30.10	28.90	23.60	24.40	4.20	49.29
30.20	28.90	23.50	24.70	4.10	49.30
30.30	28.90	23.70	24.60	4.50	49.24
30.40	28.90	23.50	25.00	3.90	49.20
30.50	28.90	23.50	24.90	3.90	49.20
30.60	28.90	23.60	25.30	4.40	49.18
30.70	28.80	23.60	25.20	4.10	49.20
30.80	28.80	23.60	25.30	4.40	49.16
30.90	28.80	23.50	25.60	3.90	49.10
31.00	28.80	23.50	25.60	3.90	49.06
31.10	28.80	23.50	26.10	3.90	49.12
31.20	29.00	23.60	25.90	3.90	49.48
31.30	29.10	23.50	26.10	3.90	50.07
31.40	29.10	23.50	26.40	4.10	50.44
31.50	29.00	23.60	26.60	4.50	50.59
31.60	29.10	23.60	26.60	3.90	50.62
31.70	29.10	23.60	26.90	4.40	50.57
31.80	29.10	23.60	26.90	4.40	50.52
31.90	29.10	23.60	27.00	4.10	50.49
32.00	29.10	23.60	27.20	4.10	50.44
32.10	28.90	23.60	27.50	3.90	50.38
32.20	29.10	23.70	27.60	4.50	50.34
32.30	29.10	23.70	27.50	4.20	50.36
32.40	29.10	23.60	27.60	4.20	50.31
32.50	29.10	23.60	28.10	4.10	50.24
32.60	28.90	23.60	27.80	3.90	50.24
32.70	29.00	23.60	27.80	3.90	50.19
32.80	29.00	23.60	28.60	3.90	50.20
32.90	29.10	23.60	28.40	4.20	50.17
33.00	29.20	23.60	28.30	3.80	50.11
33.10	29.00	23.50	29.00	4.20	50.14
33.20	29.00	23.50	28.70	3.90	50.08
33.30	29.10	23.60	29.20	3.90	50.07
33.40	29.10	23.60	29.20	4.10	50.08
33.50	29.10	23.60	28.90	3.90	50.00
33.60	29.10	23.60	28.90	3.90	49.99
33.70	29.10	23.60	29.20	3.90	49.96
33.80	29.20	23.70	29.50	4.40	49.98
33.90	29.10	23.50	29.60	4.10	49.93
34.00	29.10	23.50	30.00	3.90	49.89
34.10	29.10	23.60	30.10	3.80	49.87
34.20	29.10	23.60	29.80	3.90	49.83
34.30	29.10	23.50	30.30	4.20	49.80
34.40	29.20	23.60	30.30	4.20	49.75
34.50	29.20	23.60	30.30	4.20	49.70
34.60	29.30	23.70	30.60	3.90	49.69
34.70	29.20	23.70	30.90	4.40	49.68
34.80	29.30	23.60	30.90	4.20	49.65
34.90	29.30	23.60	31.00	4.10	49.63
35.00	29.20	23.60	31.60	3.90	49.59
35.10	29.20	23.60	31.20	4.10	49.55
35.20	29.20	23.50	31.20	4.20	49.51
35.30	29.20	23.50	31.80	3.90	49.48
35.40	29.20	23.50	31.80	3.90	49.46
35.50	29.30	23.70	31.80	3.60	49.40
35.60	29.10	23.60	31.60	4.20	49.38
35.70	29.10	23.60	32.10	4.10	49.35
35.80	29.20	23.50	32.10	4.50	49.28
35.90	29.30	23.70	32.60	3.90	49.36
36.00	29.40	23.70	32.60	4.40	49.91
36.10	29.40	23.70	32.70	3.90	50.36
36.20	29.20	23.60	32.70	4.10	50.69
36.30	29.10	23.50	32.70	4.10	50.82
36.40	29.10	23.50	32.70	3.90	50.85
36.50	29.30	23.60	33.20	4.10	50.81
36.60	29.30	23.60	33.50	3.90	50.77
36.70	29.30	23.60	33.50	4.10	50.75
36.80	29.20	23.50	33.80	4.20	50.71
36.90	29.30	23.60	34.10	4.20	50.66
37.00	29.30	23.60	33.80	4.40	50.64
37.10	29.30	23.60	34.00	3.90	50.59
37.20	29.40	23.60	34.00	3.90	50.53
37.30	29.40	23.60	33.60	3.90	50.45
37.40	29.30	23.70	34.30	3.90	50.44
37.50	29.40	23.70	34.60	4.20	50.39
37.60	29.30	23.50	34.60	4.10	50.36
37.70	29.30	23.50	34.40	3.80	50.32
37.80	29.30	23.60	35.20	4.40	50.31
37.90	29.30	23.70	35.00	4.20	50.23
38.00	29.30	23.70	35.50	4.10	50.18
38.10	29.40	23.70	35.50	4.10	50.18
38.20	29.40	23.70	35.60	3.90	50.11
38.30	29.50	23.60	35.30	4.20	50.06
38.40	29.20	23.70	35.30	4.20	50.01
38.50	29.20	23.70	35.80	3.90	50.02
38.60	29.30	23.70	36.10	4.20	49.98
38.70	29.40	23.60	35.80	3.80	49.95
38.80	29.40	23.60	36.30	4.10	49.91
38.90	29.40	23.50	36.60	3.90	49.82
39.00	29.30	23.70	36.60	3.90	49.83
39.10	29.30	23.70	36.40	3.80	49.73
39.20	29.30	23.70	37.00	4.20	49.70
39.30	29.40	23.60	36.70	4.20	49.68
39.40	29.40	23.60	37.00	3.80	49.63
39.50	29.40	23.70	37.00	4.20	49.56
39.60	29.40	23.50	37.50	4.10	49.50
39.70	29.40	23.50	37.60	4.10	49.53
39.80	29.40	23.50	37.60	3.90	49.47
39.90	29.40	23.50	37.60	3.90	49.42
40.00	29.60	23.60	38.30	3.90	49.40
40.10	29.40	23.60	38.10	4.40	49.35
40.20	29.50	23.60	38.10	3.90	49.30
40.30	29.50	23.60	38.10	3.90	49.29
40.40	29.40	23.70	38.30	3.90	49.29
40.50	29.50	23.70	38.60	4.10	49.22
40.60	29.50	23.70	38.70	4.10	49.17
40.70	29.40	23.70	38.90	4.20	49.11
40.80	29.40	23.60	38.90	4.20	49.12
40.90	29.40	23.60	39.20	4.20	49.09
41.00	29.60	23.70	39.30	3.90	49.06
41.10	29.40	23.60	39.50	3.90	49.11
41.20	29.40	23.60	39.30	3.80	49.99
41.30	29.30	23.70	39.60	3.30	50.62
41.40	29.50	23.60	39.30	4.10	50.92
41.50	29.50	23.60	39.50	4.10	51.10
41.60	29.40	23.80	39.60	4.10	51.07
41.70	29.30	23.70	39.60	4.10	51.05
41.80	29.30	23.70	40.60	4.10	50.98
41.90	29.60	23.70	40.30	3.80	50.96
42.00	29.50	23.90	40.60	4.20	50.88
42.10	29.50	23.90	40.70	3.90	50.84
42.20	29.50	23.50	40.60	3.90	50.79
42.30	29.50	23.60	41.20	4.10	50.71
42.40	29.50	23.60	41.00	4.10	50.65
42.50	29.70	23.70	41.00	4.10	50.58
42.60	29.30	23.60	41.20	3.90	50.51
42.70	29.30	23.60	41.30	4.50	50.43
42.80	29.50	23.60	41.50	4.20	50.21
42.90	29.40	23.70	41.80	4.10	50.02
43.00	29.40	23.60	41.80	4.10	49.86
43.10	29.40	23.60	41.80	4.20	45.93
43.20	29.30	23.60	41.80	3.90	43.35
43.30	29.30	23.60	41.50	4.40	43.06
43.40	29.30	23.70	41.50	4.40	45.47
43.50	29.20	23.70	41.80	3.90	46.96
43.60	29.20	23.70	41.50	2.80	47.18
43.70	29.00	23.70	41.20	4.20	46.72
43.80	29.10	23.60	41.50	3.80	46.58
43.90	29.10	23.60	41.30	4.10	27.49
44.00	28.90	23.60	41.80	3.90	14.69
44.10	28.80	23.60	41.60	4.40	11.06
44.20	28.80	23.60	41.50	4.20	8.83
44.30	28.50	23.70	41.50	4.20	7.19
44.40	28.50	23.80	41.60	3.80	5.94
44.50	28.50	23.80	41.30	3.80	5.06
44.60	28.30	23.60	41.20	4.10	4.33
44.70	28.40	23.70	41.50	3.90	3.71
44.80	28.40	23.70	41.50	3.90	3.21
44.90	28.20	23.60	41.20	3.90	2.82
45.00	28.20	23.60	41.20	3.80	2.51
45.10	28.40	23.90	41.50	3.80	2.20
45.20	28.00	23.80	41.50	3.80	1.97
45.30	27.90	23.70	41.30	4.20	1.78
45.40	27.90	23.70	41.00	4.10	1.55
45.50	28.00	23.70	41.30	3.90	1.43
45.60	28.00	23.70	41.60	4.50	1.30
45.70	28.00	23.70	41.30	4.10	1.18
45.80	27.90	23.70	41.30	4.20	1.05
45.90	27.80	23.70	41.20	4.70	0.96
46.00	27.80	23.70	41.00	3.90	0.89
46.10	27.80	23.60	41.00	3.90	0.79
46.20	27.80	23.60	40.70	4.40	0.73
46.30	27.80	23.70	41.20	4.20	0.67
46.40	27.50	23.50	40.90	4.10	0.64
46.50	27.70	23.70	41.30	3.90	0.58
46.60	27.70	23.70	41.30	4.10	0.53
46.70	27.40	23.70	41.50	3.80	0.49
46.80	27.50	23.60	41.30	4.10	0.47
46.90	27.50	23.60	41.20	4.10	0.40
47.00	27.50	23.70	41.20	4.10	0.40
47.10	27.50	23.70	41.00	4.10	0.36
47.20	27.40	23.60	41.30	3.60	0.32
47.30	27.40	23.70	41.20	3.90	0.32
47.40	27.40	23.50	41.20	3.80	0.28
47.50	27.40	23.50	41.50	4.10	0.28
47.60	27.30	23.70	41.00	4.10	0.26
47.70	27.30	23.60	41.30	4.40	0.26
47.80	27.30	23.60	41.30	3.80	0.25
47.90	27.20	23.60	41.30	3.80	0.19
48.00	27.20	23.60	41.20	4.40	0.19
48.10	27.20	23.60	41.00	4.40	0.19
48.20	27.20	23.70	41.50	4.20	0.19
48.30	27.00	23.60	41.60	3.90	0.19
48.40	27.00	23.60	41.00	3.80	0.22
48.50	27.20	23.70	40.90	4.20	0.15
48.60	27.10	23.70	41.20	3.80	0.17
48.70	27.10	23.70	41.20	3.90	0.17
48.80	27.10	23.70	41.20	3.90	0.12
48.90	27.10	23.70	41.30	4.20	0.12
49.00	27.00	23.70	41.00	4.10	0.09
49.10	27.10	23.60	41.00	4.40	0.09
49.20	27.10	23.60	41.00	4.40	0.09
49.30	27.10	23.80	41.20	4.20	0.12
49.40	27.00	23.60	41.20	4.20	0.12
49.50	26.80	23.70	41.20	4.10	0.12
49.60	26.80	23.70	41.20	3.90	0.12
49.70	27.00	23.70	41.20	4.10	0.12
49.80	27.10	23.70	41.00	3.90	0.07
49.90	27.10	23.70	41.20	4.10	0.09
50.00	27.00	23.60	41.20	4.10	0.12
50.10	27.00	23.60	40.70	3.80	0.09
50.20	27.20	23.70	40.90	3.80	0.07
50.30	26.90	23.60	40.70	3.90	0.07
50.40	26.90	23.60	41.00	3.90	0.07
50.50	26.80	23.70	41.00	3.90	0.07
50.60	26.80	23.80	41.20	4.40	0.13
50.70	26.90	23.70	40.90	4.20	0.07
50.80	26.90	23.70	40.90	3.90	0.07
50.90	26.80	23.60	40.70	3.90	0.12
51.00	26.90	23.80	41.20	4.10	0.04
51.10	26.90	23.80	41.20	3.90	0.06
51.20	26.80	23.70	41.00	4.10	0.06
51.30	26.90	23.70	40.70	4.20	0.07
51.40	26.90	23.70	40.70	4.20	0.07
51.50	26.60	23.70	41.00	3.90	0.07
51.60	26.80	23.60	40.90	3.80	0.06
51.70	26.80	23.60	41.20	4.40	0.07
51.80	26.60	23.70	41.20	4.20	0.06
51.90	26.70	23.70	41.00	4.10	0.06
52.00	26.70	23.70	41.20	3.90	0.07
52.10	26.60	23.70	41.20	4.40	0.04
52.20	26.90	23.70	41.20	4.10	0.06
52.30	26.90	23.70	41.20	4.10	0.04
52.40	26.60	23.70	41.20	4.40	0.04
52.50	26.60	23.60	40.70	3.80	0.02
52.60	26.60	23.60	41.20	3.50	0.02
52.70	26.60	23.70	41.30	3.80	0.02
52.80	26.60	23.70	40.60	4.10	0.04
52.90	26.70	23.80	40.90	4.20	0.00
53.00	26.70	23.80	41.30	4.40	0.06
53.10	26.70	23.80	41.00	4.20	0.06
53.20	26.70	23.80	41.00	4.20	0.06
53.30	26.80	23.80	41.20	3.80	0.02
53.40	26.50	23.60	41.50	4.40	0.06
53.50	26.50	23.60	41.30	4.40	0.06
53.60	26.70	23.80	41.00	4.10	0.06
53.70	26.60	23.70	40.90	4.20	0.04
53.80	26.50	23.70	41.20	3.90	0.06
53.90	26.50	23.70	41.00	3.80	0.06
54.00	26.50	23.70	41.20	3.90	0.04
54.10	26.50	23.70	41.20	3.90	0.02
54.20	26.50	23.70	40.90	4.10	0.04
54.30	26.30	23.50	41.20	4.20	0.04
54.40	26.30	23.50	41.00	4.10	0.04
54.50	26.40	23.60	40.90	4.10	0.06
54.60	26.50	23.70	40.70	3.90	0.04
54.70	26.30	23.80	41.30	4.20	0.04
54.80	26.30	23.80	40.90	3.90	0.04
54.90	26.50	23.80	40.90	4.20	0.02
55.00	26.40	23.70	41.20	4.20	0.02
55.10	26.40	23.70	41.20	4.20	0.04
55.20	26.70	23.80	41.20	3.80	0.02
55.30	26.40	23.70	41.30	4.20	0.06
55.40	26.40	23.70	40.90	4.20	0.00
55.50	26.30	23.50	41.20	4.10	0.06
55.60	26.30	23.50	41.00	4.20	0.00
55.70	26.30	23.70	41.00	3.60	0.02
55.80	26.30	23.70	41.00	3.60	0.06
55.90	26.30	23.70	41.20	4.20	0.02
56.00	26.40	23.60	41.00	3.90	0.02
56.10	26.30	23.80	40.70	4.10	0.04
56.20	26.30	23.80	41.00	4.20	0.02
56.30	26.40	23.80	41.20	3.90	0.02
56.40	26.40	23.90	41.00	4.10	0.02
56.50	26.40	23.90	41.00	4.20	0.02
56.60	26.40	23.80	40.90	3.90	0.00
56.70	26.30	23.60	40.90	3.90	0.04
56.80	26.30	23.60	41.00	4.20	0.02
56.90	26.40	23.70	41.20	3.80	0.02
57.00	26.40	23.70	41.00	3.90	0.02
57.10	26.20	23.70	41.00	4.10	0.02
57.20	26.40	23.80	40.40	4.10	0.02
57.30	26.40	23.80	41.00	4.10	0.02
57.40	26.20	23.70	41.30	3.30	0.02
57.50	26.20	23.70	40.70	4.10	0.04
57.60	26.50	23.80	40.70	4.10	0.02
57.70	26.30	23.70	41.00	3.90	0.02
57.80	26.20	23.70	40.90	4.10	0.06
57.90	26.20	23.70	40.70	4.40	0.06
58.00	26.30	23.70	41.00	2.80	0.02
58.10	26.10	23.70	41.00	3.90	0.02
58.20	26.10	23.70	41.00	3.90	0.02
58.30	26.10	23.70	40.90	4.40	0.06
58.40	26.30	23.70	41.20	4.20	0.06
58.50	26.30	23.70	41.20	4.20	0.04
58.60	26.10	23.70	41.00	3.80	0.02
58.70	26.10	23.70	40.90	4.20	0.04
58.80	26.30	23.80	41.00	4.10	0.00
58.90	26.20	23.70	41.20	3.90	0.02
59.00	26.30	23.60	41.20	3.80	0.02
59.10	26.30	23.60	41.20	3.90	0.04
59.20	26.10	23.70	41.50	4.20	0.02
59.30	26.10	23.70	40.70	4.10	0.06
59.40	26.10	23.80	40.70	4.10	0.06
59.50	26.10	23.60	41.00	4.10	0.02
59.60	26.10	23.60	40.60	4.10	0.02
59.70	26.10	23.70	41.30	3.80	0.00
59.80	26.20	23.70	41.20	4.10	0.06
59.90	26.30	23.70	40.70	3.90	0.04
60.00	26.30	23.70	40.90	3.90	0.02
60.10	26.20	23.70	41.00	4.10	0.00
60.20	26.20	23.70	41.00	3.80	0.04
60.30	26.10	23.70	41.00	3.80	0.00
60.40	26.10	23.70	40.90	4.40	0.02
60.50	26.10	23.70	40.60	4.10	-0.02
60.60	26.10	23.80	41.20	3.80	0.02
60.70	26.10	23.70	41.30	4.10	0.06
60.80	26.10	23.70	40.70	4.10	0.04
60.90	26.10	23.60	40.70	4.10	0.06
61.00	26.00	23.60	41.00	4.40	0.04
61.10	26.10	23.70	40.60	4.20	0.02
61.20	26.10	23.70	40.60	4.20	0.04
61.30	26.10	23.80	41.30	4.40	0.06
61.40	26.10	23.80	40.90	4.10	0.06
61.50	26.00	23.80	41.00	4.10	0.06
61.60	26.00	23.70	41.00	4.40	0.07
61.70	26.20	23.80	41.00	4.10	0.02
61.80	26.20	23.80	41.20	4.20	-0.02
61.90	26.20	23.60	41.20	4.10	0.02
62.00	26.00	23.70	41.30	4.20	0.02
62.10	26.00	23.70	41.30	4.20	0.07
62.20	26.00	23.80	41.20	4.40	0.02
62.30	26.00	23.70	41.30	3.90	0.06
62.40	26.00	23.70	41.30	3.90	0.06
62.50	26.00	23.70	40.70	4.20	0.04
62.60	26.10	23.70	41.30	4.10	0.06
62.70	26.10	23.70	41.00	4.10	0.07
62.80	25.90	23.80	41.20	3.90	0.02
62.90	26.00	23.70	41.00	3.90	0.02
63.00	26.00	23.70	41.00	3.90	0.07
63.10	26.10	23.80	41.00	4.10	0.02
63.20	25.90	23.70	41.00	3.90	0.04
63.30	25.90	23.70	41.00	4.20	0.06
63.40	26.10	23.90	41.00	4.40	0.02
63.50	26.00	23.80	41.00	3.90	-0.02
63.60	26.00	23.80	41.20	4.40	0.00
63.70	25.80	23.70	41.20	4.20	0.04
63.80	25.90	23.60	40.70	3.90	0.02
63.90	25.90	23.60	40.70	3.90	0.00
64.00	25.90	23.80	40.10	4.10	0.06
64.10	26.00	23.70	41.30	4.20	0.02
64.20	26.00	23.70	41.00	4.20	0.04
64.30	25.90	23.70	41.20	3.90	0.07
64.40	26.00	23.80	40.70	4.20	0.06
64.50	26.00	23.80	40.90	3.80	0.07
64.60	26.00	23.80	40.90	3.80	0.02
64.70	25.90	23.90	41.20	4.20	0.06
64.80	25.90	23.90	41.20	4.20	0.06
64.90	26.00	23.80	40.40	4.10	0.04
65.00	25.90	23.70	40.90	4.10	0.02
65.10	26.10	23.90	40.90	4.10	0.06
65.20	26.10	23.90	40.90	3.80	0.06
65.30	25.90	23.60	41.20	4.10	0.04
65.40	25.90	23.80	41.20	3.90	0.04
65.50	25.90	23.80	41.20	4.10	0.04
65.60	25.80	23.70	41.20	4.20	0.04
65.70	25.80	23.70	41.20	4.20	0.06
65.80	26.00	23.70	40.90	4.20	0.06
65.90	25.80	23.70	40.70	3.80	0.06
66.00	25.80	23.70	41.20	4.10	0.02
66.10	25.80	23.70	41.00	4.40	0.04
66.20	25.90	23.80	40.90	4.10	0.04
66.30	25.80	23.70	40.90	4.10	0.00
66.40	25.80	23.70	40.90	4.10	0.04
66.50	26.00	23.80	41.00	3.90	0.02
66.60	25.80	23.70	41.00	3.90	0.02
66.70	25.80	23.70	41.20	4.40	0.04
66.80	26.10	23.80	41.00	4.10	-0.02
66.90	25.60	23.70	40.70	4.20	-0.02
67.00	25.60	23.70	40.70	4.70	0.02
67.10	25.90	23.70	41.00	4.10	0.06
67.20	25.70	23.60	41.20	4.10	0.04
67.30	25.70	23.60	41.00	3.90	0.06
67.40	25.90	23.80	41.00	3.90	0.02
67.50	25.70	23.80	40.90	4.10	0.02
67.60	25.90	23.70	40.90	3.80	0.02
67.70	25.90	23.70	40.90	4.20	0.06
67.80	25.80	23.80	41.20	4.20	0.02
67.90	26.00	23.80	40.90	3.90	0.06
68.00	26.00	23.80	41.00	3.90	0.04
68.10	25.80	23.70	41.20	4.10	0.02
68.20	25.80	23.70	41.00	4.10	0.02
68.30	25.80	23.70	41.00	4.10	0.02
68.40	25.70	23.70	41.00	4.20	0.06
68.50	25.80	23.90	41.00	4.50	0.06
68.60	25.80	23.90	41.30	3.80	0.06
68.70	25.80	23.70	40.90	4.20	0.04
68.80	25.80	23.70	40.90	4.20	0.02
68.90	25.80	23.70	41.00	3.90	0.02
69.00	25.80	23.70	40.90	3.60	0.06
69.10	25.80	23.80	40.40	4.20	0.00
69.20	25.80	23.80	40.40	4.20	0.02
69.30	25.90	23.70	40.40	4.10	0.02
69.40	25.70	23.80	41.00	4.20	0.04
69.50	25.80	23.80	41.20	3.90	0.06
69.60	25.80	23.80	40.70	4.20	0.06
69.70	25.60	23.70	41.20	3.60	0.06
69.80	25.60	23.70	40.60	3.90	0.04
69.90	25.80	23.80	40.70	4.20	0.06
70.00	25.70	23.70	41.30	4.20	0.02
70.10	25.70	23.70	41.30	4.20	0.04
70.20	25.60	23.70	41.00	4.10	0.02
70.30	25.70	23.70	40.90	3.90	0.00
70.40	25.70	23.70	40.70	3.80	0.02
70.50	25.60	23.70	41.20	4.20	0.00
70.60	25.70	23.80	41.20	4.20	0.04
70.70	25.70	23.80	40.90	4.10	0.04
70.80	25.80	23.80	41.00	3.80	0.04
70.90	25.70	23.80	41.30	3.90	0.07
71.00	25.70	23.80	41.30	3.90	0.02
71.10	25.70	23.80	40.70	4.20	0.02
71.20	25.80	23.80	41.20	3.80	0.02
71.30	25.70	23.80	40.90	4.20	0.06
71.40	25.70	23.80	41.00	4.10	0.04
71.50	25.60	23.80	40.90	3.80	0.02
71.60	25.60	23.70	41.00	4.20	0.02
71.70	25.60	23.70	41.00	4.20	0.02
71.80	25.60	23.70	41.20	4.10	0.02
71.90	25.70	23.70	41.20	4.10	0.04
72.00	25.80	23.80	41.30	4.40	0.02
72.10	25.80	23.80	41.00	4.10	0.02
72.20	25.70	23.80	41.20	3.20	0.06
72.30	25.70	23.80	41.00	3.80	0.06
72.40	25.60	23.60	41.20	3.00	0.06
72.50	25.60	23.70	41.50	4.20	0.02
72.60	25.60	23.70	41.20	4.10	0.06
72.70	25.70	23.80	41.20	4.10	0.02
72.80	25.70	23.70	41.00	4.40	0.02
72.90	25.70	23.70	41.60	3.90	0.00
73.00	25.70	23.80	41.30	4.20	0.04
73.10	25.70	23.80	41.30	4.10	0.04
73.20	25.70	23.80	41.20	4.40	0.06
73.30	25.70	23.90	41.30	4.40	0.06
73.40	25.70	23.90	40.90	3.90	0.06
73.50	25.70	23.90	41.20	3.80	0.02
73.60	25.70	23.70	41.20	3.80	0.06
73.70	25.70	23.70	40.90	4.10	0.06
73.80	25.50	23.70	41.00	4.20	0.04
73.90	25.60	23.80	41.20	4.20	0.06
74.00	25.60	23.80	41.20	4.20	0.07
74.10	25.60	23.80	40.60	4.40	0.06
74.20	25.80	23.80	40.90	4.40	0.07
74.30	25.80	23.80	40.90	3.80	0.06
74.40	25.60	23.80	41.60	3.80	0.06
74.50	25.50	23.70	41.60	3.80	0.06
74.60	25.50	23.70	41.30	4.20	0.04
74.70	25.50	23.80	40.90	4.20	0.06
74.80	25.70	23.90	40.90	4.10	0.02
74.90	25.70	23.90	40.90	4.10	0.02
75.00	25.60	23.80	40.70	4.10	0.02
75.10	25.60	23.80	40.90	3.80	0.06
75.20	25.50	23.70	41.00	4.10	-0.02
75.30	25.60	23.80	41.00	4.40	0.02
75.40	25.60	23.80	41.00	4.40	0.04
75.50	25.60	23.60	41.30	3.90	0.04
75.60	25.60	23.80	41.00	4.20	0.02
75.70	25.60	23.80	41.00	4.10	0.02
75.80	25.70	23.80	40.90	4.10	0.00
75.90	25.60	23.70	41.20	4.50	0.06
76.00	25.40	23.70	41.20	4.20	0.02
76.10	25.40	23.70	41.20	3.80	0.02
76.20	25.50	23.80	41.00	4.20	0.06
76.30	25.50	23.80	41.00	4.20	0.06
76.40	25.50	23.80	41.20	3.90	0.06
76.50	25.60	23.80	41.00	4.20	0.02
76.60	25.40	23.70	41.00	3.80	0.06
76.70	25.40	23.70	41.00	3.90	0.00
76.80	25.50	23.70	40.90	3.90	0.02
76.90	25.40	23.70	41.20	4.10	0.02
77.00	25.40	23.70	41.30	4.10	0.04
77.10	25.50	23.80	41.20	4.10	0.02
77.20	25.50	23.70	41.20	4.10	0.06
77.30	25.50	23.70	41.20	4.50	0.02
77.40	25.80	23.90	41.20	4.10	0.02
77.50	25.70	23.80	41.00	4.10	0.02
77.60	25.70	23.80	40.70	4.10	0.02
77.70	25.40	23.70	40.90	4.10	-0.02
77.80	25.40	23.70	41.30	4.10	0.00
77.90	25.40	23.70	41.00	3.90	0.02
78.00	25.70	23.80	41.00	3.90	0.00
78.10	25.40	23.80	41.00	4.20	0.02
78.20	25.40	23.80	41.20	4.20	0.02
78.30	25.50	23.80	39.60	4.20	0.02
78.40	25.70	23.80	41.50	4.20	0.02
78.50	25.70	23.80	41.20	4.10	0.02
78.60	25.50	23.80	41.30	3.80	0.02
78.70	25.50	23.80	40.90	4.10	-0.02
78.80	25.50	23.80	40.90	4.20	0.00
78.90	25.60	23.90	40.90	4.20	0.02
79.00	25.50	23.70	41.00	3.90	0.02
79.10	25.50	23.70	40.90	4.20	0.00
79.20	25.40	23.80	40.40	3.60	0.02
79.30	25.40	23.80	41.00	3.90	0.02
79.40	25.40	23.80	41.00	4.10	0.02
79.50	25.50	23.90	41.20	4.20	0.02
79.60	25.50	23.90	41.00	4.20	0.04
79.70	25.60	23.80	41.20	3.30	0.02
79.80	25.50	23.70	41.20	3.30	0.02
79.90	25.50	23.70	41.00	3.90	0.00
80.00	25.60	23.90	41.20	4.40	0.04
80.10	25.50	23.80	40.70	4.50	0.02
80.20	25.50	23.80	40.60	4.20	0.04
80.30	25.30	23.80	41.00	4.20	0.04
80.40	25.50	23.70	41.00	4.40	-0.02
80.50	25.50	23.70	41.50	4.20	0.04
80.60	25.40	23.80	40.90	4.10	0.02
80.70	25.60	23.80	41.20	4.10	0.02
80.80	25.60	23.80	40.70	3.80	0.02
80.90	25.50	23.80	41.30	4.10	0.06
81.00	25.50	23.90	41.00	4.10	0.06
81.10	25.50	23.90	41.50	4.10	0.02
81.20	25.40	23.80	40.90	4.10	0.02
81.30	25.50	23.80	41.00	4.40	0.02
81.40	25.50	23.80	41.00	4.10	0.02
81.50	25.40	23.90	41.20	4.10	0.04
81.60	25.40	23.90	41.20	4.10	0.00
81.70	25.50	23.90	41.20	3.80	0.02
81.80	25.40	23.80	41.30	4.10	0.00
81.90	25.50	23.80	41.20	4.40	0.04
82.00	25.50	23.80	41.20	4.20	0.04
82.10	25.40	23.80	41.60	3.60	0.06
82.20	25.50	23.90	41.00	3.90	0.02
82.30	25.50	23.90	41.30	4.20	0.04
82.40	25.60	23.80	41.00	4.40	0.02
82.50	25.60	23.80	41.80	4.20	0.02
82.60	25.60	23.80	41.00	2.70	0.04
82.70	25.30	23.70	41.00	4.10	0.02
82.80	25.50	23.80	41.00	4.20	0.00
82.90	25.50	23.80	40.70	4.10	0.02
83.00	25.50	23.80	40.90	4.10	0.02
83.10	25.50	23.80	41.20	4.50	0.04
83.20	25.50	23.80	40.90	3.80	0.06
83.30	25.50	23.90	40.90	4.10	0.02
83.40	25.40	23.80	40.90	4.10	0.06
83.50	25.40	23.80	41.20	4.10	0.00
83.60	25.40	23.80	41.00	4.10	0.04
83.70	25.50	23.80	41.00	4.10	0.02
83.80	25.30	23.70	40.90	3.90	0.04
83.90	25.30	23.70	40.90	3.80	0.00
84.00	25.40	23.80	41.30	4.40	0.02
84.10	25.40	23.80	40.90	3.90	0.04
84.20	25.50	23.80	41.00	3.90	0.02
84.30	25.60	23.80	41.00	3.90	0.02
84.40	25.40	23.80	40.10	4.20	0.04
84.50	25.40	23.80	40.90	4.10	0.06
84.60	25.40	23.70	40.00	3.90	0.00
84.70	25.40	23.80	40.70	3.50	0.04
84.80	25.40	23.80	40.90	4.50	0.02
84.90	25.40	23.80	41.00	3.80	0.00
85.00	25.40	23.80	41.00	4.10	0.02
85.10	25.50	23.80	41.00	4.10	0.02
85.20	25.60	23.70	41.00	4.10	0.00
85.30	25.60	23.70	40.90	4.20	-0.02
85.40	25.50	23.80	40.90	3.60	0.02
85.50	25.30	23.70	40.60	4.50	0.02
85.60	25.40	23.90	40.70	4.20	0.02
85.70	25.40	23.90	41.20	4.20	-0.02
85.80	25.40	23.80	40.70	4.20	0.04
85.90	25.40	23.80	41.00	3.90	0.06
86.00	25.40	23.90	40.60	4.40	0.02
86.10	25.40	23.70	40.60	4.40	0.02
86.20	25.40	23.70	41.30	4.20	0.02
86.30	25.40	23.80	41.30	4.20	0.06
86.40	25.50	23.90	41.00	4.20	0.04
86.50	25.50	23.90	41.20	4.20	0.02
86.60	25.30	23.90	41.30	4.40	0.02
86.70	25.40	23.80	41.00	3.60	0.06
86.80	25.40	23.80	41.00	3.90	0.04
86.90	25.60	23.90	41.00	4.10	0.04
87.00	25.40	23.80	41.00	4.10	0.02
87.10	25.50	23.70	40.90	3.90	0.06
87.20	25.50	23.70	40.90	4.40	0.04
87.30	25.30	23.70	41.20	4.40	0.06
87.40	25.40	23.80	41.30	3.90	0.07
87.50	25.40	23.80	41.30	4.20	0.04
87.60	25.40	23.70	41.00	3.60	-0.02
87.70	25.30	23.70	41.20	4.40	0.02
87.80	25.30	23.70	41.50	3.90	0.02
